23 18 59
13 11 76
46 24 30
36 25 39
22 19 59
17 13 70
28 21 51
55 23 22
13 10 77
13 11 76
14 13 73
45 25 30
17 15 68
23 21 56
5 25 42 28
11 44 31 14